1 26    4 21    3 18    8 5    5 16    7 18    7 28    11 20    11 18    10 11    11 21    

1 15    3 15    9 2    8 7    8 24    5 10    10 28    9 1    6 25    5 6    11 23    

4 18    9 28    7 7    4 9    2 26    3 18    4 14    5 19    8 28    6 9    11 7    

6 21    5 5    8 17    8 23    5 2    1 27    11 4    6 24    11 10    4 9    7 17    

11 4    3 0    10 6    6 17    10 3    4 14    8 19    8 4    5 6    1 2    9 20    

10 15    11 20    6 20    9 17    8 0    10 8    11 1    5 24    2 12    4 0    3 27    

2 20    2 9    7 22    7 23    11 18    3 13    1 27    2 23    7 14    4 21    5 16    

11 21    5 13    11 1    3 22    6 8    7 8    6 3    4 22    2 28    1 20    2 5    

1 18    9 18    9 6    10 1    11 25    9 18    5 18    10 27    5 4    7 25    6 17    

9 26    6 10    1 5    3 10    5 12    2 22    6 15    10 4    9 7    7 2    1 23    

10 8    3 24    11 20    11 8    5 3    3 2    7 24    3 16    2 2    7 17    7 22    

10 9    4 11    2 18    7 4    8 26    10 10    5 17    6 25    1 23    9 16    5 5    

1 17    10 8    1 5    11 0    5 20    9 8    9 9    4 0    7 23    8 26    7 2    

1 26    2 25    5 10    1 1    1 15    5 21    9 22    2 11    7 8    10 15    11 17    

11 6    9 1    9 27    9 17    3 5    11 11    7 27    3 26    1 1    3 1    10 27    

6 4    1 9    4 24    3 13    4 4    3 14    4 3    6 4    10 5    8 26    10 16    

9 23    6 7    1 18    1 1    4 25    6 10    4 23    1 22    9 10    4 18    5 24    

6 1    6 12    2 14    8 7    2 18    9 6    3 17    11 5    4 4    4 8    2 28    

3 11    11 9    4 3    6 2    8 11    2 11    1 1    2 17    1 18    3 2    4 23    

3 4    4 2    11 14    10 6    1 5    1 19    10 24    1 26    7 5    2 13    8 8    

8 26    7 7    6 15    4 25    9 22    9 1    9 1    6 18    7 13    6 9    4 22    

8 10    7 14    10 3    8 8    6 5    11 28    8 14    7 14    11 16    1 2    1 7    

3 17    1 16    10 4    3 18    8 22    6 21    11 28    7 27    6 28    8 5    11 7    

7 5    11 13    4 5    10 23    5 3    8 23    6 26    6 8    8 9    6 7    1 21    

2 18    10 14    4 6    10 9    8 2    4 20    7 20    2 23    10 1    4 9    6 1    

1 7    4 15    1 23    5 1    1 0    6 19    1 22    3 17    9 24    9 0    3 19    

6 24    5 18    8 16    10 5    4 27    2 11    2 20    3 6    1 6    10 26    10 25    

1 6    3 5    8 9    7 8    11 10    1 5    5 6    10 19    7 2    8 16    3 22    

8 12    2 13    3 19    11 27    4 13    9 14    6 6    3 16    2 15    1 24    5 17    

5 4    6 12    10 17    6 5    7 28    3 3    6 11    3 15    1 22    1 14    9 10    

1 23    4 20    10 28    1 21    6 8    10 16    2 8    7 12    6 8    4 14    7 7    

8 25    10 6    9 14    4 18    11 25    2 26    3 13    2 15    9 4    3 15    3 15    

2 18    8 0    8 22    9 21    6 3    5 15    1 20    9 13    6 8    6 6    8 10    

5 22    9 9    11 12    9 10    2 11    6 9    3 9    6 17    2 24    3 3    1 5    

6 2    3 25    3 13    5 28    2 7    3 4    10 18    6 4    11 15    3 12    1 18    

7 11    11 15    2 11    10 8    3 5    6 27    11 4    10 9    2 19    10 16    8 25    

4 11    1 19    7 7    7 28    3 16    8 23    6 9    2 13    7 6    2 20    5 4    

7 0    3 12    2 22    10 26    6 10    7 10    2 12    2 24    4 26    6 21    1 6    

7 10    11 11    3 1    11 4    11 10    8 3    1 7    11 6    3 6    10 27    4 9    

8 17    5 13    6 7    8 26    6 28    8 26    2 15    1 4    4 17    4 8    10 13    

7 0    2 5    9 27    6 14    5 5    3 24    8 8    4 15    2 17    3 5    9 16    

4 25    11 24    7 11    5 17    4 4    11 6    8 15    11 4    4 25    10 15    9 19    

2 23    5 21    7 12    7 9    5 1    2 4    4 3    6 14    9 2    7 1    9 19    

1 12    11 22    8 24    8 21    8 24    4 3    8 11    4 5    1 28    11 10    11 17    

6 10    10 27    9 12    8 12    3 21    11 17    8 17    6 24    11 18    8 16    11 20    

11 0    3 3    8 16    9 23    4 19    5 27    3 0    2 22    3 4    3 28    1 21    

5 25    9 17    5 20    5 28    8 16    2 28    11 11    1 17    9 12    9 22    11 1    

10 13    7 26    3 0    9 2    4 5    5 1    2 5    4 11    7 16    6 16    8 10    

1 24    11 16    5 11    10 2    5 23    3 27    6 18    2 22    3 4    2 19    2 4    

3 11    7 21    3 15    4 7    3 20    11 0    2 22    7 9    8 15    4 25    4 0    

10 24    8 26    6 12    6 19    1 5    11 4    1 21    5 11    5 28    6 14    5 3    

8 23    11 25    6 0    9 6    10 27    10 23    3 15    2 12    10 16    11 27    8 20    

7 23    11 11    3 26    2 6    7 26    5 5    10 2    7 6    4 19    9 2    9 28    

5 5    6 22    9 13    8 4    3 25    1 7    9 12    3 17    8 26    7 11    3 28    

10 12    7 13    10 1    2 9    2 25    1 5    5 6    9 24    9 7    1 21    1 19    

9 10    8 15    10 14    5 14    4 23    4 11    11 22    10 15    4 6    3 8    2 23    

10 13    5 8    8 1    2 26    11 25    7 20    11 20    8 13    11 12    2 17    3 15    

2 28    11 25    7 5    8 0    4 2    5 1    8 18    10 23    5 7    3 8    5 15    

11 25    2 18    7 7    10 24    3 0    8 7    2 5    11 21    9 25    10 3    9 25    

10 21    10 9    5 2    9 19    11 8    4 8    5 16    2 25    7 21    8 10    4 14    

11 5    3 13    1 14    6 20    5 1    1 22    4 25    2 11    10 17    7 23    11 2    

11 4    7 26    3 8    2 10    1 7    4 22    8 8    1 20    9 10    4 5    4 16    

11 4    8 9    2 3    8 11    9 18    8 24    8 25    7 6    11 19    8 13    5 17    

3 11    4 14    6 23    6 2    11 4    7 22    8 20    5 0    4 1    8 2    6 25    

