504 336 812 756 140 616 952 980 924 140 840 
280 308 336 364 336 532 280 280 504 280 504 

476 504 588 532 616 896 728 952 896 168 224 
476 504 392 308 476 308 336 504 280 364 560 

896 728 756 756 560 924 420 140 280 756 476 
532 392 420 336 392 448 308 504 280 504 364 

868 196 280 812 196 812 560 532 252 420 252 
336 532 280 560 364 392 336 476 560 308 280 

868 168 924 700 504 728 504 392 308 364 476 
560 364 476 420 364 532 448 392 392 504 280 

616 728 252 252 532 252 168 140 364 896 196 
308 308 532 560 476 476 532 448 336 504 476 

504 420 644 308 560 504 308 504 308 728 168 
392 420 560 364 476 420 560 336 280 280 308 

896 616 812 616 560 896 644 812 980 980 196 
336 448 476 336 364 532 336 308 280 448 448 

560 840 448 980 448 896 560 224 812 420 700 
504 280 448 476 336 532 308 364 560 308 504 

504 924 812 448 980 756 448 448 392 868 224 
532 364 420 532 420 280 280 308 336 504 308 

336 364 812 168 700 224 924 672 644 448 532 
280 448 532 280 420 560 420 448 448 364 476 

392 392 840 840 644 420 980 476 700 252 672 
308 308 476 392 336 504 392 448 280 392 280 

728 252 196 504 420 896 364 252 532 588 504 
364 504 448 336 476 280 560 364 448 280 336 

308 952 616 168 896 952 364 196 952 980 252 
280 448 532 532 448 420 280 336 336 336 504 

924 140 616 336 196 868 308 672 392 420 560 
532 504 280 420 420 532 336 476 560 336 336 

868 504 448 448 728 504 336 196 728 224 140 
420 308 336 280 308 336 448 364 476 336 280 

476 840 616 756 560 168 280 196 840 952 588 
392 448 420 280 392 392 364 532 420 532 560 

364 420 280 924 700 924 980 728 896 448 560 
448 560 504 364 560 448 364 420 308 448 532 

700 812 756 812 896 280 980 336 924 308 616 
504 420 308 308 476 364 392 364 336 560 336 

364 672 420 364 840 392 840 224 616 476 840 
336 364 504 308 364 308 532 280 336 448 364 

588 280 252 364 924 392 588 224 532 756 756 
560 280 532 364 308 392 420 448 420 448 532 

140 196 364 896 392 504 392 560 700 784 700 
308 448 392 280 532 532 280 504 420 280 448 

756 224 924 308 672 980 644 420 252 644 420 
308 336 532 308 392 504 364 476 336 364 336 

252 168 812 700 476 952 840 616 224 532 728 
392 308 504 420 532 448 392 532 280 420 532 

532 252 812 588 560 224 280 560 532 336 532 
392 364 532 504 532 532 504 420 560 308 392 

308 196 868 784 140 616 616 420 700 168 504 
448 308 532 280 504 364 448 476 280 560 280 

616 392 252 924 560 224 840 700 812 140 700 
392 420 392 308 392 392 448 560 476 560 280 

364 672 364 644 588 196 392 728 672 896 924 
448 392 476 420 476 476 476 308 336 308 476 

364 252 532 336 812 728 700 924 420 896 532 
336 280 392 420 364 364 392 392 476 560 448 

756 672 700 700 196 280 364 252 448 532 308 
476 336 448 392 448 560 560 336 560 308 280 

280 756 252 728 896 644 196 700 812 812 336 
560 532 476 308 532 420 504 336 420 336 420 

532 868 224 336 504 364 504 644 728 616 420 
336 560 420 476 532 280 448 560 448 448 504 

364 980 308 672 840 392 224 392 224 616 224 
476 336 364 420 476 504 392 336 420 448 308 

588 392 952 364 532 980 336 924 476 560 896 
532 280 504 336 560 308 308 420 280 504 448 

560 560 476 588 644 980 924 532 700 448 784 
308 476 364 532 280 364 308 392 532 504 336 

616 336 392 560 280 868 532 336 252 952 700 
560 560 532 364 560 476 420 560 392 448 448 

588 252 896 644 140 140 532 560 280 140 700 
476 392 392 532 476 532 532 560 364 448 476 

840 280 504 532 252 168 868 784 252 392 896 
280 308 364 448 504 308 308 476 504 504 280 

756 644 588 672 868 364 308 644 504 980 728 
392 308 504 476 504 420 364 280 392 364 336 

336 728 588 616 756 784 532 196 504 280 728 
560 504 560 560 476 504 532 364 308 336 336 

532 392 532 980 224 896 392 952 252 588 616 
448 392 476 560 420 560 336 420 476 560 336 

532 896 308 504 504 168 224 924 336 560 252 
476 336 420 364 392 476 280 336 448 392 392 

924 700 700 364 532 364 308 224 616 700 924 
476 364 364 364 420 532 280 448 364 448 448 

560 196 756 616 700 924 336 952 252 252 644 
364 392 420 364 476 392 364 504 308 560 560 

308 812 336 476 756 868 700 364 896 280 364 
448 532 504 448 364 532 280 504 560 336 560 

364 280 728 308 700 756 252 784 868 364 616 
392 532 420 364 504 560 476 364 280 280 560 

560 700 896 336 252 784 588 392 980 784 532 
336 336 420 392 504 476 392 392 280 504 280 

672 140 224 140 756 560 644 924 560 196 560 
308 336 504 532 420 392 448 560 336 504 308 

420 896 448 252 980 644 560 224 504 168 168 
476 448 476 504 392 364 476 336 420 504 336 

672 812 644 588 812 168 784 476 476 196 308 
560 308 560 280 336 280 560 476 280 448 280 

140 980 420 616 448 924 672 196 756 336 812 
280 336 560 336 476 448 448 476 308 420 448 

392 616 476 560 224 224 784 308 840 756 224 
448 476 364 532 448 532 364 392 448 308 448 

784 364 252 700 896 700 784 364 420 980 784 
532 308 420 308 532 560 336 504 392 448 420 

504 616 980 896 280 168 168 252 840 756 420 
560 420 392 420 504 420 448 532 504 336 504 

980 252 756 924 700 644 952 336 728 448 756 
392 336 280 448 280 364 392 420 560 308 560 

504 868 392 812 672 448 896 140 840 812 196 
336 308 420 364 336 560 504 308 476 308 308 

504 280 252 420 672 952 672 980 252 980 840 
476 532 364 476 532 364 420 280 392 420 308 

196 140 560 896 812 476 476 252 420 784 336 
364 560 476 420 336 448 476 448 532 392 364 

980 644 868 448 196 308 756 168 252 812 168 
364 504 336 364 532 448 364 336 336 392 308 

896 168 476 700 616 952 308 504 280 280 140 
560 308 448 560 448 280 308 476 280 336 364 

840 812 504 756 168 224 756 700 840 672 756 
364 504 336 280 476 504 476 448 308 448 476 

644 448 196 644 644 924 756 476 448 588 224 
504 308 280 560 448 504 532 308 392 308 504 

700 812 924 364 980 392 812 252 336 448 560 
336 364 532 448 476 308 364 308 476 280 280 

532 980 980 336 644 448 672 364 952 392 196 
420 532 560 308 560 560 420 448 364 448 532 

