504 784 532 280 644 868 252 504 868 812 784 
308 448 476 392 420 392 280 308 448 420 280 

196 280 728 140 560 812 364 896 812 756 672 
336 280 364 280 504 476 504 336 336 476 448 

364 420 504 868 840 196 952 252 672 952 420 
504 448 476 448 364 504 420 392 308 476 392 

448 196 672 896 868 392 252 252 560 448 532 
448 448 448 392 280 280 364 392 280 280 504 

392 924 196 896 784 896 196 756 560 448 756 
392 336 560 364 280 504 280 448 392 420 336 

364 504 840 616 868 812 224 700 700 420 588 
280 280 364 308 280 476 420 392 420 476 392 

168 448 168 672 196 672 700 700 392 868 168 
364 504 560 420 336 504 420 336 308 448 336 

252 756 196 980 728 672 560 784 448 532 168 
336 392 308 280 448 364 308 476 308 336 364 

616 224 280 980 672 896 980 812 784 224 560 
532 448 448 308 476 280 532 336 364 532 448 

952 840 728 700 952 280 420 252 980 840 336 
336 308 420 504 448 280 420 364 532 308 532 

224 784 364 896 448 252 812 364 224 756 140 
532 364 308 420 560 560 336 392 420 364 364 

980 756 924 616 392 672 532 672 504 616 392 
308 364 308 476 504 560 392 420 336 336 448 

812 504 700 812 252 140 980 952 252 980 644 
504 280 308 448 420 308 392 364 392 364 392 

476 364 924 364 196 700 280 672 728 952 980 
336 560 476 476 392 448 420 504 392 280 448 

504 952 868 868 896 308 588 532 140 952 700 
392 336 476 448 476 280 308 364 504 308 308 

336 756 448 336 168 868 812 504 812 252 392 
392 420 392 448 336 364 280 336 560 364 392 

924 252 756 252 364 840 420 728 644 588 476 
448 560 448 448 504 504 308 504 364 448 308 

336 868 868 840 616 280 140 252 616 924 336 
448 392 280 476 364 504 504 420 336 336 364 

924 392 896 700 896 504 784 952 840 140 756 
532 476 448 308 336 420 504 336 532 336 392 

252 616 840 336 280 672 784 728 168 700 140 
308 448 448 448 280 476 364 560 364 560 448 

700 308 476 140 532 140 644 868 560 700 476 
476 532 476 476 392 308 560 448 308 308 560 

140 196 560 728 224 448 140 672 196 700 868 
504 280 560 392 504 448 392 280 532 280 532 

896 924 392 140 812 560 252 588 140 196 616 
308 476 448 532 532 560 560 504 392 476 448 

308 588 168 308 364 812 644 392 504 504 308 
532 280 560 280 392 308 392 560 280 448 476 

532 448 868 672 280 252 588 448 980 728 840 
504 392 504 532 504 448 476 448 336 364 392 

476 168 700 812 280 252 728 812 448 252 252 
420 420 336 392 308 560 560 476 364 420 280 

420 896 252 672 196 924 196 896 196 532 868 
308 392 448 476 308 420 476 336 504 336 504 

196 644 840 644 812 700 868 980 448 280 868 
560 532 476 532 336 392 336 392 392 336 448 

588 728 392 336 756 336 168 952 840 168 588 
280 392 280 364 308 476 420 448 420 336 336 

728 364 980 420 588 308 812 504 616 392 168 
392 532 364 364 504 476 420 476 392 448 532 

420 672 448 532 308 924 420 280 252 140 476 
448 392 308 308 560 392 560 364 364 364 560 

140 644 252 728 420 616 812 784 560 224 448 
448 392 308 504 476 336 280 560 336 448 308 

812 196 252 168 868 448 392 476 168 392 952 
448 336 308 448 448 448 392 280 420 280 420 

784 700 168 476 504 840 420 392 896 196 448 
504 476 392 476 364 560 504 392 308 308 420 

756 952 168 700 952 812 924 896 952 700 532 
364 504 308 280 420 364 504 420 336 448 560 

616 784 756 140 980 308 560 420 672 252 308 
532 560 392 448 476 336 504 560 420 280 504 

308 980 560 364 616 840 672 140 224 224 784 
364 336 532 532 364 448 504 448 280 392 420 

308 644 252 224 924 476 560 280 672 672 252 
420 280 280 504 476 280 560 504 308 364 504 

196 672 308 140 308 896 196 448 420 308 952 
532 448 392 448 308 560 280 336 308 364 280 

728 308 728 392 224 308 728 784 868 728 448 
280 560 364 392 280 336 308 392 560 280 504 

616 336 812 532 588 252 560 896 392 280 168 
420 280 364 504 504 336 448 420 280 392 392 

700 784 140 588 896 868 308 420 896 784 560 
532 392 448 420 420 336 336 420 476 420 420 

896 140 420 728 952 196 868 868 532 504 616 
280 448 420 420 532 280 476 392 308 420 504 

308 476 588 168 504 364 868 420 504 700 392 
280 392 560 392 364 504 308 420 364 560 308 

952 868 560 672 952 364 812 672 252 980 140 
532 308 280 336 420 392 280 504 448 560 560 

280 784 756 308 924 364 756 588 672 700 448 
448 392 364 448 308 448 392 364 448 280 420 

336 924 644 896 280 924 840 252 588 924 840 
392 448 364 308 532 392 448 504 476 308 308 

728 448 812 588 840 756 420 868 644 616 728 
392 532 392 448 532 392 560 364 448 364 532 

448 252 896 560 252 420 952 280 980 700 588 
420 280 560 532 560 504 420 308 504 476 504 

616 252 392 532 672 420 224 448 420 532 504 
364 420 532 448 308 364 532 476 448 364 476 

420 532 924 420 476 784 168 560 980 588 616 
504 392 560 420 504 280 308 336 364 336 420 

392 504 252 924 840 616 980 868 224 392 392 
280 476 476 392 308 364 448 364 364 336 448 

868 476 196 364 308 560 196 336 840 476 644 
280 420 504 308 308 364 476 532 448 476 420 

252 280 728 280 812 812 868 700 868 700 980 
392 504 504 504 560 392 336 308 476 336 448 

364 616 868 504 168 448 896 588 504 952 700 
364 308 504 280 504 336 308 336 364 420 560 

224 784 448 476 868 728 364 868 364 588 420 
448 504 336 560 448 392 448 336 476 476 392 

924 728 700 868 336 252 868 700 588 896 476 
364 420 280 560 504 308 280 420 420 392 280 

672 420 672 560 280 280 980 168 868 868 700 
448 336 364 420 504 336 308 336 560 364 420 

140 532 140 924 336 168 336 252 868 812 532 
280 448 280 420 280 336 392 532 532 560 532 

980 448 252 532 448 504 392 364 952 336 728 
560 560 448 364 308 532 476 504 364 420 336 

980 700 532 588 196 504 672 896 196 644 280 
560 364 336 448 392 504 364 336 364 308 560 

420 364 840 420 980 896 784 252 252 756 812 
476 560 280 364 560 504 448 532 504 448 560 

336 700 504 168 224 868 532 504 420 840 672 
336 448 392 476 336 420 308 280 364 448 504 

224 560 504 756 504 784 504 644 980 728 364 
336 476 532 392 308 280 448 336 448 504 504 

